3   0
4   2   1+1
5   5   2+2+1
6   9   3+3+2+1
7   14  4+4+3+2+1
8   20	5+5+4+3+2+1

Pour n sommets :

(n-3)+Sum(k=0->n-3)(k)

[[(0, 2), (0, 3), (0, 4)], 
[(0, 2), (0, 3), (3, 5)], 
[(0, 2), (0, 4), (2, 4)], 
[(0, 2), (2, 4), (2, 5)], 
[(0, 2), (2, 5), (3, 5)], 

[(0, 3), (0, 4), (1, 3)], 
[(0, 3), (1, 3), (3, 5)], 

[(0, 4), (1, 3), (1, 4)], 
[(0, 4), (1, 4), (2, 4)], 

[(1, 3), (1, 4), (1, 5)],
[(1, 3), (1, 5), (3, 5)], 

[(1, 4), (1, 5), (2, 4)], 

[(1, 5), (2, 4), (2, 5)], 
[(1, 5), (2, 5), (3, 5)]]